!
! Inclusive jet cross sections 2011
! by CMS collaboration,
! Non-perturbative Correction factors using POWHEG/HERWIG/PYTHIA
! NP Correction factors are multiplied with electroweak corrections 
! JEC correlations include latest changes as recommended by CMS.
!
&Data
   Name           = 'CMS inclusive jets 2011'
   Reaction       = 'FastNLO jets'

   NDATA          = 133
   NColumn        = 31
   ColumnType     = 'Bin'  , 'Bin'   , 'Bin'   , 'Bin'    , 'Sigma' , 'Error' , 'Error' , 'Bin'    , 'Error'    , 'Error'       , 'Error'   , 'Error' , 'Error' , 'Error' , 'Error' , 'Error' , 'Error' , 'Error' , 'Error' , 'Error' , 'Error' , 'Error' , 'Error' , 'Error' , 'Error' , 'Error' , 'Error' , 'Error' , 'Error' , 'Error' , 'Error'
   ColumnName     = 'ylow' , 'yhigh' , 'ptlow' , 'pthigh' , 'Sigma' , 'stat'  , 'uncor' , 'NPCorr' , 'npcorerr' , 'CMS_lumierr' , 'unf_err' , 'JEC0'  , 'JEC1'  , 'JEC3'  , 'JEC4'  , 'JEC5'  , 'JEC6'  , 'JEC7'  , 'JEC9'  , 'JEC10' , 'JEC8'  , 'JEC11' , 'JEC12' , 'JEC13' , 'JEC14' , 'JEC15' , 'JEC2a' , 'JEC2b' , 'JEC2c' , 'JEC2d' , 'JEC2e'
   NInfo          = 4
   DataInfo       = 7000.     , 1.                 , -1.      , -1.
   CInfo          = 'sqrt(S)' , 'PublicationUnits' , 'MurDef' , 'MufDef'

   IndexDataset   = 201

   TheoryInfoFile = 'datafiles/lhc/cms/jets/1212.6660/fnl2332d.tab'
   TheoryType     = 'FastNLO'


   Percent        = 25*True
&End
&PlotDesc
   PlotN = 5
   PlotDefColumn = 'ylow'
   PlotDefValue = -1., 0, 0.5, 1.0, 1.5, 2.0
   PlotVarColumn = 'ptlow'
   PlotOptions(1) = 'Experiment:CMS@Title: 0.0 < y < 0.5  @XTitle:P_{T} (GeV)@YTitle:#sigma_{jet}@Xmin:114@Xmax:2116.@Xlog@Ylog'
   PlotOptions(2) = 'Experiment:CMS@Title: 0.5 < y < 1.0  @XTitle:P_{T} (GeV)@YTitle:#sigma_{jet}@Xmin:114@Xmax:2116.@Xlog@Ylog'
   PlotOptions(3) = 'Experiment:CMS@Title: 1.0 < y < 1.5  @XTitle:P_{T} (GeV)@YTitle:#sigma_{jet}@Xmin:114@Xmax:2116.@Xlog@Ylog'
   PlotOptions(4) = 'Experiment:CMS@Title: 1.5 < y < 2.0  @XTitle:P_{T} (GeV)@YTitle:#sigma_{jet}@Xmin:114@Xmax:2116.@Xlog@Ylog'
   PlotOptions(5) = 'Experiment:CMS@Title: 2.0 < y < 2.5  @XTitle:P_{T} (GeV)@YTitle:#sigma_{jet}@Xmin:114@Xmax:2116.@Xlog@Ylog'
&End
0.   0.5  114   133   2950       1.2   1  1.09631   3.53753    2.2  3.3   2.65   1.45  2.85  0      0     0     0  0     0  0     0.2   0.85  3.5   1.2   2.4   0.282843  0      0.282843  0         0
0.   0.5  133   153   1341       1.5   1  1.07838   3.11341    2.2  2.9   2.7    1.55  2.6   0      0     0     0  0     0  0     0.2   0.75  3.1   1     2.2   0.353553  0      0.353553  0         0
0.   0.5  153   174   640.1      1.6   1  1.06477   2.73089    2.2  2.65  2.75   1.65  2.35  0      0     0     0  0     0  0     0.2   0.65  2.8   0.95  2.05  0.424264  0      0.424264  0         0
0.   0.5  174   196   311.4      0.9   1  1.0543    2.40867    2.2  2.65  2.8    1.75  2.2   0      0     0     0  0     0  0     0.2   0.6   2.5   0.85  1.9   0.494975  0      0.494975  0         0
0.   0.5  196   220   160.9      1     1  1.04615   2.14571    2.2  2.45  2.8    1.8   2     0      0     0     0  0     0  0     0.15  0.55  2.3   0.75  1.8   0.565685  0      0.565685  0         0
0.   0.5  220   245   85.4       1.1   1  1.03962   1.91767    2.2  2.45  2.85   1.9   1.9   0      0     0     0  0     0  0     0.1   0.5   2.1   0.65  1.7   0.636396  0      0.636396  0         0
0.   0.5  245   272   45.94      1.3   1  1.03404   1.69288    2.2  2.3   2.9    2     1.75  0      0     0     0  0     0  0     0.1   0.45  1.9   0.6   1.6   0.707107  0      0.707107  0         0
0.   0.5  272   300   24.98      1.6   1  1.02953   1.48208    2.2  2.35  2.95   2.1   1.65  0      0     0     0  0     0  0     0.1   0.4   1.75  0.55  1.5   0.777817  0      0.777817  0         0
0.   0.5  300   330   13.93      0.7   1  1.02609   1.3414     2.2  2.25  3      2.2   1.55  0      0     0     0  0     0  0     0.1   0.4   1.6   0.5   1.4   0.848528  0      0.848528  0         0
0.   0.5  330   362   7.82       0.8   1  1.02312   1.18227    2.2  2.3   3.05   2.3   1.5   0      0     0     0  0     0  0     0.1   0.4   1.5   0.5   1.35  0.989949  0      0.989949  0         0
0.   0.5  362   395   4.493      0.6   1  1.02149   1.10389    2.2  2.2   3.15   2.4   1.4   0      0     0     0  0     0  0     0.1   0.3   1.4   0.4   1.3   1.06066   0      1.06066   0         0
0.   0.5  395   430   2.625      0.6   1  1.01956   0.96477    2.2  2.3   3.15   2.5   1.35  0      0     0     0  0     0  0     0.1   0.3   1.3   0.4   1.2   1.20208   0      1.20208   0         0
0.   0.5  430   468   1.52       0.7   1  1.01849   0.86543    2.2  2.25  3.25   2.65  1.35  0      0     0     0  0     0  0     0.1   0.3   1.2   0.4   1.15  1.30815   0      1.30815   0         0
0.   0.5  468   507   0.8747     0.8   1  1.01831   0.807061   2.2  2.25  3.35   2.75  1.3   0      0     0     0  0     0  0     0.1   0.3   1.1   0.35  1.1   1.41421   0      1.41421   0         0
0.   0.5  507   548   0.5164     0.4   1  1.01778   0.693043   2.2  2.3   3.45   2.9   1.3   0      0     0     0  0     0  0     0.1   0.25  1.05  0.3   1.05  1.55563   0      1.55563   0         0
0.   0.5  548   592   0.3078     0.4   1  1.01802   0.623068   2.2  2.25  3.55   3.05  1.25  0      0     0     0  0     0  0     0.1   0.2   1     0.3   1     1.69706   0      1.69706   0         0
0.   0.5  592   638   0.1811     0.5   1  1.01953   0.598056   2.2  2.3   3.6    3.15  1.25  0      0     0     0  0     0  0     0.1   0.2   0.9   0.3   1     1.87383   0      1.87383   0         0
0.   0.5  638   686   0.1074     0.7   1  1.02037   0.520244   2.2  2.3   3.7    3.3   1.2   0      0     0     0  0     0  0     0.1   0.2   0.85  0.25  0.95  2.01525   0      2.01525   0         0
0.   0.5  686   737   0.06392    0.8   1  1.02256   0.488703   2.2  2.25  3.8    3.45  1.2   0      0     0     0  0     0  0     0     0.2   0.8   0.25  0.9   2.19203   0      2.19203   0         0
0.   0.5  737   790   0.03758    1     1  1.02442   0.405395   2.2  2.35  3.9    3.6   1.25  0      0     0     0  0     0  0     0     0.2   0.75  0.25  0.85  2.36881   0      2.36881   0         0
0.   0.5  790   846   0.02215    1.3   1  1.0275    0.36927    2.2  2.45  4.05   3.75  1.3   0      0     0     0  0     0  0     0     0.2   0.7   0.2   0.85  2.58094   0      2.58094   0         0
0.   0.5  846   905   0.01309    1.7   1  1.03101   0.33145    2.2  2.4   4.15   3.9   1.3   0      0     0     0  0     0  0     0     0.2   0.7   0.2   0.8   2.79307   0      2.79307   0         0
0.   0.5  905   967   0.007516   2.2   1  1.03482   0.292123   2.2  2.5   4.35   4.05  1.3   0      0     0     0  0     0  0     0     0.15  0.65  0.2   0.75  3.0052    0      3.0052    0         0
0.   0.5  967   1032  0.004209   2.8   1  1.03966   0.25149    2.2  2.5   4.5    4.25  1.35  0      0     0     0  0     0  0     0     0.15  0.6   0.2   0.75  3.21734   0      3.21734   0         0
0.   0.5  1032  1101  0.002324   3.7   1  1.04609   0.25934    2.2  2.65  4.65   4.45  1.35  0      0     0     0  0     0  0     0     0.15  0.6   0.2   0.7   3.46482   0      3.46482   0         0
0.   0.5  1101  1172  0.001469   4.6   1  1.05228   0.216653   2.2  2.7   4.8    4.65  1.45  0      0     0     0  0     0  0     0     0.1   0.55  0.15  0.7   3.71231   0      3.71231   0         0
0.   0.5  1172  1248  0.0008029  6.1   1  1.05962   0.222735   2.2  2.85  5      4.85  1.45  0      0     0     0  0     0  0     0     0.1   0.5   0.15  0.65  3.9598    0      3.9598    0         0
0.   0.5  1248  1327  0.0003381  8.9   1  1.06783   0.178516   2.2  3     5.2    5     1.5   0      0     0     0  0     0  0     0     0.1   0.5   0.15  0.65  4.24264   0      4.24264   0         0
0.   0.5  1327  1410  0.0001793  12.1  1  1.07763   0.183305   2.2  3.2   5.4    5.25  1.55  0      0     0     0  0     0  0     0     0.1   0.5   0.15  0.65  4.52548   0      4.52548   0         0
0.   0.5  1410  1497  9.499e-05  16.2  1  1.08875   0.137873   2.2  3.45  5.6    5.5   1.6   0      0     0     0  0     0  0     0     0.1   0.45  0.15  0.6   4.87904   0      4.87904   0         0
0.   0.5  1497  1588  4.333e-05  21.6  1  1.09891   0.141652   2.2  3.8   5.85   5.65  1.65  0      0     0     0  0     0  0     0     0.1   0.4   0.1   0.6   5.19723   0      5.19723   0         0
0.   0.5  1588  1784  1.627e-05  27.5  1  1.11475   0.0968965  2.2  4.3   6.25   6.05  1.75  0      0     0     0  0     0  0     0     0.1   0.4   0.1   0.55  5.76292   0      5.76292   0         0
0.   0.5  1784  2116  2.053e-06  66.1  1  1.1426    0.05378    2.2  5.65  6.95   6.7   1.9   0      0     0     0  0     0  0     0     0.1   0.35  0.1   0.5   6.71751   0      6.71751   0         0
0.5  1.   114   133   2810       1.2   1  1.09958   3.05064    2.2  3.25  2.6    1.35  2.85  0      0     0     0  0     0  0.05  0.1   0.75  3.3   1.55  2.4   0.247487  0      0         0.247487  0
0.5  1.   133   153   1234       1.5   1  1.08022   2.6579     2.2  3.15  2.7    1.45  2.6   0      0     0     0  0     0  0.05  0     0.65  2.95  1.35  2.2   0.318198  0      0         0.318198  0
0.5  1.   153   174   576.6      1.7   1  1.06634   2.38548    2.2  2.7   2.75   1.55  2.35  0      0     0     0  0     0  0.05  0     0.6   2.65  1.25  2     0.353553  0      0         0.353553  0
0.5  1.   174   196   286        0.9   1  1.05534   2.11848    2.2  2.65  2.75   1.7   2.15  0      0     0     0  0     0  0.05  0     0.55  2.4   1.1   1.9   0.424264  0      0         0.424264  0
0.5  1.   196   220   146        1.1   1  1.04652   1.90324    2.2  2.55  2.8    1.8   2     0      0     0     0  0     0  0.05  0     0.5   2.2   1     1.8   0.494975  0      0         0.494975  0
0.5  1.   220   245   76.07      1.2   1  1.03953   1.71631    2.2  2.35  2.85   1.9   1.9   0      0     0     0  0     0  0.1   0     0.45  2     0.9   1.7   0.565685  0      0         0.565685  0
0.5  1.   245   272   40.55      1.4   1  1.03351   1.52679    2.2  2.4   2.9    2     1.7   0      0     0     0  0     0  0.1   0     0.4   1.8   0.8   1.6   0.671751  0      0         0.671751  0
0.5  1.   272   300   22.22      1.6   1  1.02891   1.39416    2.2  2.3   3      2.1   1.6   0      0     0     0  0     0  0.1   0     0.4   1.7   0.8   1.5   0.777817  0      0         0.777817  0
0.5  1.   300   330   12.42      0.8   1  1.02514   1.27991    2.2  2.25  3.05   2.2   1.6   0      0     0     0  0     0  0.1   0     0.35  1.55  0.7   1.4   0.848528  0      0         0.848528  0
0.5  1.   330   362   6.966      0.8   1  1.02178   1.14391    2.2  2.3   3.1    2.35  1.5   0      0     0     0  0     0  0.1   0     0.3   1.4   0.6   1.4   0.989949  0      0         0.989949  0
0.5  1.   362   395   3.942      0.6   1  1.01905   1.03708    2.2  2.3   3.2    2.5   1.4   0      0     0     0  0     0  0.1   0     0.3   1.3   0.6   1.3   1.06066   0      0         1.06066   0
0.5  1.   395   430   2.269      0.7   1  1.01722   0.963672   2.2  2.3   3.25   2.6   1.4   0      0     0     0  0     0  0.1   0     0.3   1.25  0.55  1.25  1.20208   0      0         1.20208   0
0.5  1.   430   468   1.303      0.8   1  1.01558   0.879773   2.2  2.25  3.35   2.75  1.4   0      0     0     0  0     0  0.1   0     0.3   1.2   0.5   1.2   1.3435    0      0         1.3435    0
0.5  1.   468   507   0.7474     0.9   1  1.01493   0.83497    2.2  2.3   3.45   2.9   1.3   0      0     0     0  0     0  0.1   0     0.3   1.1   0.5   1.1   1.48492   0      0         1.48492   0
0.5  1.   507   548   0.4242     0.4   1  1.0132    0.732669   2.2  2.3   3.55   3     1.3   0      0     0     0  0     0  0.1   0     0.2   1     0.45  1.1   1.6617    0      0         1.6617    0
0.5  1.   548   592   0.2449     0.5   1  1.01374   0.722272   2.2  2.35  3.65   3.15  1.3   0      0     0     0  0     0  0.1   0     0.2   1     0.4   1.1   1.80312   0      0         1.80312   0
0.5  1.   592   638   0.1428     0.6   1  1.01347   0.657567   2.2  2.35  3.8    3.35  1.3   0      0     0     0  0     0  0.1   0     0.2   0.9   0.4   1     1.9799    0      0         1.9799    0
0.5  1.   638   686   0.08285    0.7   1  1.01373   0.587962   2.2  2.35  3.95   3.5   1.3   0      0     0     0  0     0  0.1   0     0.2   0.85  0.4   1     2.15668   0      0         2.15668   0
0.5  1.   686   737   0.04771    0.9   1  1.01487   0.563809   2.2  2.35  4.05   3.7   1.3   0      0     0     0  0     0  0.1   0     0.2   0.8   0.35  0.9   2.36881   0      0         2.36881   0
0.5  1.   737   790   0.02762    1.2   1  1.01592   0.536397   2.2  2.45  4.2    3.85  1.4   0      0     0     0  0     0  0.1   0     0.2   0.75  0.3   0.9   2.58094   0      0         2.58094   0
0.5  1.   790   846   0.0155     1.6   1  1.01766   0.506185   2.2  2.4   4.4    4.05  1.4   0      0     0     0  0     0  0.1   0     0.2   0.7   0.3   0.9   2.79307   0      0         2.79307   0
0.5  1.   846   905   0.008333   2.1   1  1.0196    0.473682   2.2  2.5   4.55   4.2   1.4   0      0     0     0  0     0  0.1   0     0.2   0.7   0.3   0.8   3.04056   0      0         3.04056   0
0.5  1.   905   967   0.004376   2.8   1  1.02182   0.439147   2.2  2.6   4.7    4.4   1.5   0      0     0     0  0     0  0.1   0     0.15  0.6   0.3   0.8   3.3234    0      0         3.3234    0
0.5  1.   967   1032  0.002396   3.6   1  1.02449   0.402816   2.2  2.7   4.9    4.6   1.5   0      0     0     0  0     0  0.1   0     0.1   0.6   0.25  0.8   3.57089   0      0         3.57089   0
0.5  1.   1032  1101  0.001426   4.6   1  1.02836   0.414573   2.2  2.85  5.15   4.8   1.55  0      0     0     0  0     0  0.15  0     0.1   0.6   0.25  0.8   3.85373   0      0         3.85373   0
0.5  1.   1101  1172  0.0007655  6.2   1  1.03126   0.375388   2.2  2.9   5.3    5     1.6   0      0     0     0  0     0  0.15  0     0.1   0.55  0.2   0.7   4.13657   0      0         4.13657   0
0.5  1.   1172  1248  0.0003218  9.2   1  1.03564   0.384646   2.2  3.15  5.55   5.25  1.65  0      0     0     0  0     0  0.15  0     0.1   0.5   0.2   0.7   4.49013   0      0         4.49013   0
0.5  1.   1248  1327  0.0001292  13.9  1  1.04052   0.343318   2.2  3.35  5.8    5.45  1.7   0      0     0     0  0     0  0.15  0     0.1   0.5   0.2   0.7   4.80833   0      0         4.80833   0
0.5  1.   1327  1410  7.129e-05  20.2  1  1.0448    0.350709   2.2  3.75  6.1    5.7   1.8   0      0     0     0  0     0  0.15  0     0.1   0.5   0.2   0.7   5.16188   0      0         5.16188   0
0.5  1.   1410  1784  1.531e-05  20.5  1  1.05199   0.316798   2.2  4.45  6.9    6.35  1.95  0      0     0     0  0     0  0.2   0     0.1   0.4   0.2   0.6   6.22254   0      0         6.22254   0
1.   1.5  114   133   2346       1.3   1  1.09126   3.64533    2.2  4.1   2.6    1.45  3.1   1.5    0.2   0     0  0     0  0.2   0     0.95  3.6   2.15  2.55  0.212132  0      0         0         0.212132
1.   1.5  133   153   1033       1.6   1  1.07371   3.17903    2.2  3.6   2.7    1.55  2.8   1.5    0.2   0     0  0     0  0.2   0     0.85  3.15  1.9   2.4   0.282843  0      0         0         0.282843
1.   1.5  153   174   475.7      1.7   1  1.06035   2.76409    2.2  3.1   2.75   1.65  2.55  1.5    0.2   0     0  0     0  0.2   0     0.75  2.85  1.7   2.2   0.353553  0      0         0         0.353553
1.   1.5  174   196   230.3      1     1  1.05048   2.46296    2.2  2.9   2.85   1.75  2.35  1.55   0.2   0     0  0     0  0.2   0     0.65  2.6   1.55  2.05  0.424264  0      0         0         0.424264
1.   1.5  196   220   116.9      1.2   1  1.04234   2.18008    2.2  2.8   2.9    1.85  2.15  1.55   0.2   0     0  0     0  0.25  0     0.65  2.35  1.35  1.95  0.494975  0      0         0         0.494975
1.   1.5  220   245   61.07      1.2   1  1.03522   1.88859    2.2  2.65  3      2     2     1.55   0.2   0     0  0     0  0.25  0     0.55  2.15  1.25  1.85  0.565685  0      0         0         0.565685
1.   1.5  245   272   31.91      1.5   1  1.03005   1.6977     2.2  2.55  3.1    2.1   1.9   1.6    0.2   0     0  0     0  0.25  0     0.5   1.95  1.15  1.75  0.707107  0      0         0         0.707107
1.   1.5  272   300   16.56      1.7   1  1.02563   1.52375    2.2  2.5   3.2    2.25  1.8   1.6    0.2   0     0  0     0  0.25  0     0.5   1.8   1.05  1.65  0.777817  0      0         0         0.777817
1.   1.5  300   330   9.079      0.9   1  1.02196   1.37422    2.2  2.45  3.3    2.4   1.7   1.6    0.2   0     0  0     0  0.25  0     0.4   1.65  1     1.55  0.919239  0      0         0         0.919239
1.   1.5  330   362   4.99       0.9   1  1.01841   1.20753    2.2  2.45  3.4    2.55  1.6   1.6    0.2   0     0  0     0  0.3   0     0.4   1.5   0.9   1.5   1.06066   0      0         0         1.06066
1.   1.5  362   395   2.748      0.7   1  1.01563   1.0744     2.2  2.4   3.55   2.7   1.55  1.6    0.2   0     0  0     0  0.3   0     0.4   1.4   0.8   1.4   1.20208   0      0         0         1.20208
1.   1.5  395   430   1.524      0.8   1  1.01345   0.978407   2.2  2.5   3.65   2.85  1.5   1.6    0.2   0     0  0     0  0.3   0     0.35  1.3   0.8   1.35  1.3435    0      0         0         1.3435
1.   1.5  430   468   0.8352     0.9   1  1.01137   0.874444   2.2  2.4   3.75   3.05  1.5   1.65   0.2   0     0  0     0  0.3   0     0.3   1.25  0.7   1.3   1.52028   0      0         0         1.52028
1.   1.5  468   507   0.4588     1     1  1.01008   0.812138   2.2  2.5   3.85   3.25  1.5   1.65   0.2   0     0  0     0  0.3   0     0.3   1.15  0.65  1.25  1.69706   0      0         0         1.69706
1.   1.5  507   548   0.2547     0.5   1  1.00878   0.7437     2.2  2.45  4.05   3.45  1.5   1.65   0.2   0     0  0     0  0.3   0     0.3   1.1   0.6   1.2   1.90919   0      0         0         1.90919
1.   1.5  548   592   0.1396     0.6   1  1.00771   0.670836   2.2  2.55  4.15   3.65  1.5   1.7    0.2   0     0  0     0  0.3   0     0.3   1.05  0.6   1.15  2.12132   0      0         0         2.12132
1.   1.5  592   638   0.07495    0.8   1  1.00661   0.594159   2.2  2.55  4.3    3.85  1.45  1.7    0.2   0     0  0     0  0.3   0     0.25  0.95  0.55  1.1   2.33345   0      0         0         2.33345
1.   1.5  638   686   0.04001    1     1  1.00635   0.563334   2.2  2.65  4.45   4.05  1.5   1.7    0.2   0     0  0     0  0.3   0     0.2   0.9   0.5   1.05  2.58094   0      0         0         2.58094
1.   1.5  686   737   0.0211     1.3   1  1.00548   0.480571   2.2  2.7   4.6    4.3   1.55  1.75   0.2   0     0  0     0  0.35  0     0.2   0.85  0.5   1     2.86378   0      0         0         2.86378
1.   1.5  737   790   0.01064    1.8   1  1.00544   0.44487    2.2  2.85  4.8    4.55  1.55  1.75   0.2   0     0  0     0  0.35  0     0.2   0.8   0.45  0.95  3.14663   0      0         0         3.14663
1.   1.5  790   846   0.005301   2.5   1  1.00531   0.407282   2.2  3.05  5      4.75  1.6   1.75   0.2   0     0  0     0  0.35  0     0.2   0.75  0.4   0.95  3.42947   0      0         0         3.42947
1.   1.5  846   905   0.002644   3.5   1  1.00527   0.368125   2.2  3.15  5.15   5.05  1.6   1.8    0.2   0     0  0     0  0.35  0     0.2   0.75  0.4   0.9   3.71231   0      0         0         3.71231
1.   1.5  905   967   0.001278   4.9   1  1.00509   0.327625   2.2  3.35  5.35   5.35  1.7   1.8    0.2   0     0  0     0  0.4   0.05  0.2   0.65  0.4   0.85  4.06586   0      0         0         4.06586
1.   1.5  967   1032  0.0005419  7.3   1  1.00577   0.335522   2.2  3.65  5.55   5.65  1.75  1.85   0.2   0     0  0     0  0.4   0.05  0.2   0.65  0.35  0.85  4.41942   0      0         0         4.41942
1.   1.5  1032  1101  0.0002633  10.1  1  1.00575   0.292906   2.2  3.95  5.75   5.95  1.8   1.85   0.2   0     0  0     0  0.4   0.05  0.15  0.65  0.35  0.85  4.80833   0      0         0         4.80833
1.   1.5  1101  1172  0.0001416  15.8  1  1.00565   0.249362   2.2  4.4   6      6.25  1.85  1.85   0.2   0     0  0     0  0.45  0.05  0.15  0.55  0.3   0.75  5.23259   0      0         0         5.23259
1.   1.5  1172  1684  8.804e-06  24.1  1  1.0047    0.216728   2.2  5.45  6.95   7.55  2.15  1.95   0.2   0     0  0     0  0.45  0.05  0.1   0.45  0.25  0.7   6.92965   0      0         0         6.92965
1.5  2.   114   133   1813       1.6   1  1.09203   3.18442    2.2  3.8   2.95   1.25  3.15  4.45   1.25  0     0  0     0  0.45  0.85  1.3   3.6   2.4   2.5   0         0.1    0         0         0
1.5  2.   133   153   792.7      2     1  1.07461   2.79318    2.2  3.25  3      1.4   2.85  4.65   1.3   0     0  0     0  0.5   0.75  1.2   3.25  2.15  2.4   0         0.2    0         0         0
1.5  2.   153   174   355        2.3   1  1.06119   2.45678    2.2  2.8   3.05   1.6   2.6   4.85   1.35  0     0  0     0  0.5   0.7   1.1   2.95  2     2.3   0         0.3    0         0         0
1.5  2.   174   196   167.5      1.3   1  1.0508    2.18782    2.2  2.65  3.1    1.8   2.4   5.05   1.4   0     0  0     0  0.5   0.65  1     2.7   1.8   2.2   0         0.5    0         0         0
1.5  2.   196   220   82.78      1.5   1  1.04217   1.93514    2.2  2.55  3.2    2     2.3   5.3    1.5   0     0  0     0  0.5   0.6   0.9   2.5   1.7   2.1   0         0.6    0         0         0
1.5  2.   220   245   40.37      1.7   1  1.03496   1.71858    2.2  2.4   3.3    2.15  2.15  5.5    1.5   0     0  0     0  0.6   0.6   0.85  2.3   1.55  2     0         0.8    0         0         0
1.5  2.   245   272   21.18      2     1  1.02937   1.55301    2.2  2.35  3.4    2.35  2.05  5.75   1.6   0     0  0     0  0.6   0.5   0.8   2.1   1.45  1.9   0         1      0         0         0
1.5  2.   272   300   10.57      2.5   1  1.02433   1.40163    2.2  2.3   3.5    2.55  1.95  6      1.6   0     0  0     0  0.6   0.5   0.7   2     1.35  1.8   0         1.2    0         0         0
1.5  2.   300   330   5.547      1.2   1  1.02001   1.27217    2.2  2.25  3.7    2.8   1.9   6.25   1.7   0     0  0     0  0.6   0.5   0.7   1.9   1.3   1.7   0         1.5    0         0         0
1.5  2.   330   362   2.806      1.4   1  1.01647   1.17186    2.2  2.25  3.8    3     1.85  6.55   1.8   0     0  0     0  0.65  0.4   0.65  1.7   1.2   1.7   0         1.75   0         0         0
1.5  2.   362   395   1.427      1.1   1  1.01306   1.05485    2.2  2.25  4      3.25  1.8   6.8    1.85  0     0  0     0  0.7   0.4   0.6   1.6   1.1   1.6   0         2      0         0         0
1.5  2.   395   430   0.7427     1.3   1  1.01029   0.973034   2.2  2.3   4.2    3.5   1.8   7.15   1.9   0     0  0     0  0.7   0.4   0.6   1.5   1.05  1.6   0         2.35   0         0         0
1.5  2.   430   468   0.3663     1.5   1  1.00748   0.881943   2.2  2.25  4.45   3.75  1.8   7.45   2     0     0  0     0  0.7   0.4   0.55  1.4   1     1.5   0         2.7    0         0         0
1.5  2.   468   507   0.1841     2     1  1.00525   0.831109   2.2  2.3   4.7    4     1.8   7.85   2.1   0     0  0     0  0.8   0.35  0.5   1.4   0.9   1.5   0         3.1    0         0         0
1.5  2.   507   548   0.08613    0.9   1  1.00262   0.723732   2.2  2.35  5      4.3   1.75  8.2    2.15  0     0  0     0  0.8   0.3   0.5   1.3   0.9   1.4   0         3.5    0         0         0
1.5  2.   548   592   0.03938    1.3   1  1.0011    0.709029   2.2  2.35  5.3    4.55  1.8   8.55   2.25  0     0  0     0  0.85  0.3   0.5   1.2   0.8   1.4   0         3.95   0         0         0
1.5  2.   592   638   0.018      1.7   1  0.998992  0.64058    2.2  2.5   5.65   4.85  1.85  8.95   2.35  0     0  0     0  0.85  0.3   0.45  1.15  0.8   1.3   0         4.4    0         0         0
1.5  2.   638   686   0.008217   2.5   1  0.997536  0.61706    2.2  2.6   6.05   5.15  1.9   9.35   2.45  0     0  0     0  0.9   0.3   0.4   1.1   0.8   1.3   0         4.95   0         0         0
1.5  2.   686   737   0.003605   3.7   1  0.995339  0.54087    2.2  2.7   6.5    5.5   1.9   9.8    2.55  0     0  0     0  0.95  0.25  0.4   1     0.7   1.3   0         5.5    0         0         0
1.5  2.   737   790   0.001452   5.7   1  0.993706  0.5111     2.2  3     6.95   5.8   1.95  10.25  2.65  0     0  0     0  1     0.25  0.4   1     0.7   1.2   0         6.1    0         0         0
1.5  2.   790   846   0.0005105  9.3   1  0.991806  0.478824   2.2  3.25  7.5    6.15  2     10.7   2.75  0     0  0     0  1.05  0.25  0.4   0.95  0.7   1.2   0         6.75   0         0         0
1.5  2.   846   905   0.000182   15.3  1  0.989788  0.444517   2.2  3.8   8.05   6.5   2.05  11.2   2.95  0     0  0     0  1.05  0.25  0.35  0.9   0.6   1.2   0         7.45   0         0         0
1.5  2.   905   967   7.258e-05  23.3  1  0.987354  0.408402   2.2  4.4   8.7    6.85  2.1   11.75  3.05  0     0  0     0  1.15  0.2   0.3   0.85  0.6   1.1   0         8.15   0         0         0
1.5  2.   967   1248  1.045e-05  29.9  1  0.983446  0.337287   2.2  6     10.65  7.85  2.35  13.15  3.4   0     0  0     0  1.25  0.2   0.3   0.8   0.5   1.1   0         10.35  0         0         0
2.   2.5  114   133   1221       2     1  1.08301   2.72353    2.2  3.5   2.95   1.25  3     10.45  1.35  0.65  0  0.65  0  0.85  0.1   2.1   4.1   3.8   2.6   0         0.1    0         0         0
2.   2.5  133   153   507.8      2.5   1  1.06682   2.36373    2.2  3.05  3.05   1.5   2.85  10.85  1.55  0.6   0  0.6   0  0.95  0.1   1.9   3.8   3.25  2.5   0         0      0         0         0
2.   2.5  153   174   223.6      3     1  1.05465   2.07636    2.2  2.7   3.25   1.75  2.8   11.3   1.75  0.6   0  0.6   0  1.05  0.05  1.75  3.55  2.8   2.45  0         0.2    0         0         0
2.   2.5  174   196   100.7      1.8   1  1.04485   1.82207    2.2  2.55  3.45   2     2.7   11.8   1.85  0.55  0  0.55  0  1.05  0.05  1.65  3.3   2.4   2.4   0         0.4    0         0         0
2.   2.5  196   220   44.05      2.1   1  1.0369    1.59141    2.2  2.5   3.65   2.3   2.65  12.3   2.05  0.5   0  0.5   0  1.15  0.05  1.55  3.1   2.15  2.35  0         0.7    0         0         0
2.   2.5  220   245   20.52      2.4   1  1.03063   1.45027    2.2  2.4   3.85   2.6   2.6   12.85  2.25  0.5   0  0.5   0  1.25  0     1.5   2.95  1.9   2.3   0         1      0         0         0
2.   2.5  245   272   9.395      3.1   1  1.02487   1.26943    2.2  2.4   4.15   3     2.55  13.35  2.45  0.5   0  0.5   0  1.35  0     1.4   2.75  1.65  2.25  0         1.3    0         0         0
2.   2.5  272   300   4.053      4.2   1  1.02      1.15374    2.2  2.35  4.45   3.35  2.5   14     2.7   0.45  0  0.45  0  1.45  0     1.3   2.6   1.5   2.25  0         1.7    0         0         0
2.   2.5  300   330   1.792      2.2   1  1.01552   1.01428    2.2  2.35  4.75   3.7   2.5   14.6   2.95  0.4   0  0.4   0  1.5   0     1.25  2.5   1.35  2.2   0         2.1    0         0         0
2.   2.5  330   362   0.7782     2.6   1  1.01178   0.905638   2.2  2.4   5.1    4.1   2.45  15.3   3.15  0.4   0  0.4   0  1.6   0     1.2   2.35  1.25  2.15  0         2.5    0         0         0
2.   2.5  362   395   0.3184     2.5   1  1.00841   0.830288   2.2  2.45  5.5    4.5   2.45  15.95  3.45  0.35  0  0.35  0  1.7   0     1.15  2.25  1.15  2.15  0         3      0         0         0
2.   2.5  395   430   0.1221     3.2   1  1.00522   0.742827   2.2  2.55  5.95   4.95  2.45  16.65  3.7   0.35  0  0.35  0  1.8   0     1.05  2.15  1.05  2.1   0         3.6    0         0         0
2.   2.5  430   468   0.04641    4.3   1  1.00276   0.695766   2.2  2.7   6.45   5.45  2.45  17.4   3.95  0.35  0  0.35  0  1.95  0.05  1.05  2.05  0.95  2.05  0         4.2    0         0         0
2.   2.5  468   507   0.01616    6.5   1  0.999777  0.640921   2.2  2.9   7      5.9   2.45  18.2   4.25  0.3   0  0.3   0  2.05  0.05  1     1.95  0.85  2     0         4.9    0         0         0
2.   2.5  507   548   0.005314   3.6   1  0.997397  0.57915    2.2  3.2   7.6    6.4   2.45  19     4.55  0.25  0  0.25  0  2.2   0.05  0.95  1.9   0.75  2     0         5.6    0         0         0
2.   2.5  548   592   0.001634   6.3   1  0.994483  0.512381   2.2  3.65  8.25   6.95  2.45  19.9   4.9   0.25  0  0.25  0  2.3   0.05  0.9   1.8   0.75  2     0         6.4    0         0         0
2.   2.5  592   638   0.0003233  13.1  1  0.992231  0.4906     2.2  4.5   8.95   7.5   2.45  20.85  5.2   0.25  0  0.25  0  2.4   0.1   0.9   1.7   0.65  2     0         7.3    0         0         0
2.   2.5  638   686   9.167e-05  25.1  1  0.989276  0.46495    2.2  5.7   9.7    8.15  2.5   21.75  5.6   0.25  0  0.25  0  2.6   0.1   0.85  1.7   0.6   1.9   0         8.2    0         0         0
2.   2.5  686   905   7.92e-06   43.5  1  0.984973  0.364986   2.2  8.65  12.05  9.8   2.55  24.45  6.6   0.2   0  0.2   0  3     0.2   0.75  1.5   0.45  1.9   0         10.9   0         0         0
