&DATA
  Name = 'ATLAS Jet data 2.8 <= |y| < 3.6'
  NDATA = 9
  NColumn = 28
  ColumnType = 4*'Bin','Sigma','Error',22*'Error'
  ColumnName = 'pt1','pt2','YBinSize','NPCorr','Sigma','stat', 
		'ATL_Jet2010_JES1_5' , 'ATL_Jet2010_JES2_11' ,
	 'ATL_Jet2010_JES3_17' , 'ATL_Jet2010_JES4_23' , 
	'ATL_Jet2010_JES5_29' , 'ATL_Jet2010_JES6_31' , 
         'ATL_Jet2010_JES7_36' , 'ATL_Jet2010_JES8_42' ,
	 'ATL_Jet2010_JES9_48' , 'ATL_Jet2010_JES10_54' ,
	 'ATL_Jet2010_JES11_60' , 
         'ATL_Jet2010_JES12_66' , 'ATL_Jet2010_JES13_72' ,
	 'ATL_Jet2010_UnfClo_74' , 'ATL_Jet2010_Match_75' , 
	'ATL_Jet2010_JER_80' , 
         'ATL_Jet2010_YReso_82' , 'ATL_Jet2010_RecoEff_85' ,
	 'ATLAS_lumi2010' , 'ATL_Jet2010_uncor_JESPile' ,
	 'ATL_Jet2010_uncor_TEff' , 
         'ATL_Jet2010_uncor_CleEff'
  NInfo   = 1
  DataInfo = 7000.
  CInfo    = 'sqrt(S)'
  IndexDataset = 25 
  Reaction  = 'pp jets APPLGRID'
  TheoryInfoFile = 'theoryfiles/atlas/Jets2010/R04/eta6.root'
  TheoryType     = 'applgrid' 
  Percent   = 50*True
&END
25.000000	25.000000	1.600000	0.933262	1894452.131198	0.780279	10.507726	7.785039	10.376540	16.883619	4.083503	36.506974	1.873714	4.257845	4.494079	0.004233	0.027345	2.743366	0.009266	0.204063	0.575795	13.969530	0.255767	2.000000	3.400000	4.785465	1.000000	0.013162	
37.500000	37.500000	1.600000	0.944326	267202.989824	1.666294	5.019430	11.792296	7.034662	10.163986	2.488096	40.649684	2.749610	3.618247	5.062809	0.047862	0.062797	3.638800	0.146441	0.016339	0.911504	6.509633	0.070676	1.000000	3.400000	3.420503	1.000000	0.014269	
52.500000	52.500000	1.600000	0.952631	42481.031534	3.691358	2.243471	9.117468	7.348777	7.499001	2.233171	27.620825	3.834672	2.362949	5.400412	0.292748	0.428989	3.138879	0.511716	0.260580	0.203838	2.106751	0.089251	1.000000	3.400000	2.153610	1.000000	0.015597	
70.000000	70.000000	1.600000	0.959206	8572.450431	1.686178	0.741396	7.409845	5.575696	7.876202	2.535287	17.805994	3.452146	1.719701	5.270872	0.432030	0.050505	0.973674	2.115716	0.330006	0.294216	1.695582	0.000206	1.000000	3.400000	3.898031	1.000000	0.017147	
95.000000	95.000000	1.600000	0.965728	1306.501294	3.407017	0.574487	8.332631	5.405790	8.418839	1.049477	13.095535	3.850402	1.532664	7.365834	1.742948	0.361940	0.453350	5.788836	0.170628	0.675342	2.201708	0.129136	1.000000	3.400000	4.758565	1.000000	0.019361	
135.000000	135.000000	1.600000	0.972729	116.132734	1.542152	0.083979	8.562645	5.449409	7.617294	1.310086	13.833878	3.516984	1.036551	8.031381	2.455359	0.020854	0.219333	8.485403	0.239002	0.208355	3.849258	0.294467	1.000000	3.400000	2.799676	1.000000	0.022905	
185.000000	185.000000	1.600000	0.978604	5.567563	3.916927	0.004339	10.272052	8.151987	11.916448	3.945204	22.368111	4.530935	1.653241	13.031608	5.148155	0.433048	0.026903	15.596182	1.031949	0.507279	6.072299	0.390152	1.000000	3.400000	3.290441	1.000000	0.231829	
235.000000	235.000000	1.600000	0.982839	0.288663	8.182424	0.000204	8.648602	7.297813	16.735792	4.700730	24.765946	3.568628	0.871557	14.456634	8.081328	0.654675	0.001034	17.676474	1.132364	0.059851	12.669841	0.338684	1.000000	3.400000	3.588437	1.000000	0.254417	
285.000000	285.000000	1.600000	0.986125	0.009175	39.290886	0.000002	26.067186	20.257607	41.362390	21.920758	50.992025	12.074231	3.118923	38.396706	27.860497	3.411816	0.000007	40.896587	0.676674	0.113713	5.569828	1.578854	1.000000	3.400000	8.331736	1.000000	0.277016	
