  1.39068297188731631E-002
  1.43982134406793871E-002
  1.47450678066638249E-002
  1.46928225081280756E-002
  1.48538835973894834E-002
  1.49710589541047975E-002
  1.49213576791408162E-002
  1.48944217909271395E-002
  1.51582594877862215E-002
  1.49535000645184060E-002
  1.49506590319403408E-002
  1.50530246002882357E-002
  1.51829271465054073E-002
  1.51863851799358320E-002
  1.53404568340401899E-002
  1.55550405373554891E-002
  1.56421950015953153E-002
  1.56962700877591316E-002
  1.58974654029514183E-002
  1.62283316680523933E-002
  1.65238397181183480E-002
  1.67836235956236660E-002
  1.70275015800954860E-002
  1.75315028809369527E-002
  1.79118034664783980E-002
  1.84969960685940384E-002
  1.91284036256712080E-002
  1.98800202743136915E-002
  2.05486122982324430E-002
  2.11277285910943143E-002
  2.21704511920308989E-002
  2.32802112007631304E-002
  2.44538528965991403E-002
  2.57702357065315371E-002
  2.69546775691499908E-002
  2.87359519582736193E-002
  3.06553355353240478E-002
  3.30770196830727573E-002
  3.60311242969973411E-002
  3.96300602143371331E-002
  4.41168762694213942E-002
  4.81720675219301162E-002
  5.22394432153399091E-002
  5.44809631141991782E-002
  5.50115449531932213E-002
  5.20906204882575080E-002
  4.67630320453199522E-002
  3.71106742468036502E-002
  2.40688938662268308E-002
  1.06629097275032642E-002
  5.33102196041810003E-005
   0.0000000000000000     
  1.71132779579043215E-002
  1.74693449748127005E-002
  1.80568696551996061E-002
  1.83780723161418094E-002
  1.84924781726679387E-002
  1.85564398917315125E-002
  1.83897091806858072E-002
  1.84717070572421801E-002
  1.86251305680663233E-002
  1.85885935645392873E-002
  1.85288706834893027E-002
  1.86758960573062890E-002
  1.86149987395446068E-002
  1.87901134953442212E-002
  1.89315799457885972E-002
  1.89674881170605499E-002
  1.91346338111569453E-002
  1.94596695745952140E-002
  1.94289608288441620E-002
  1.97982633775920965E-002
  2.02227367091905239E-002
  2.03530252039241140E-002
  2.06594399033970290E-002
  2.11786865786165214E-002
  2.18656395796304193E-002
  2.21966111034176961E-002
  2.28594580973589256E-002
  2.35664990522861627E-002
  2.44922857804177295E-002
  2.52610748261576472E-002
  2.61291384522857259E-002
  2.74490226774585372E-002
  2.85505425901699909E-002
  2.99237504034439751E-002
  3.15304075676514708E-002
  3.33500331087197011E-002
  3.57148284723466242E-002
  3.81764917458560296E-002
  4.15977715356905739E-002
  4.59822535728341905E-002
  5.05297834909413587E-002
  5.55611350966038267E-002
  5.89802810181609960E-002
  6.02442430984138286E-002
  5.75571503971065157E-002
  5.13024472530765746E-002
  4.12711394168400400E-002
  2.75462304341847625E-002
  1.23888716289299906E-002
  7.65011482627596184E-005
   0.0000000000000000     
   0.0000000000000000     
  1.94555803970264118E-002
  2.01889859330082466E-002
  2.06000972591518089E-002
  2.09625869598281632E-002
  2.08451827266670671E-002
  2.08622321859706847E-002
  2.10702976023442769E-002
  2.09634681953413463E-002
  2.10499435098662341E-002
  2.10174860283954268E-002
  2.12672523796087858E-002
  2.12102481373155939E-002
  2.13531959609768000E-002
  2.12155722685410560E-002
  2.13966539271175371E-002
  2.13450350129604470E-002
  2.15307404381184300E-002
  2.20679418789395711E-002
  2.20502532519026295E-002
  2.23149774880071483E-002
  2.25151525827025425E-002
  2.31538484198503709E-002
  2.34620578207225781E-002
  2.38940644920204864E-002
  2.44915666487211699E-002
  2.50366516115637788E-002
  2.56045426231039722E-002
  2.66016986843455143E-002
  2.73868196896101118E-002
  2.83226238080405007E-002
  2.97492325895093480E-002
  3.07265798907431949E-002
  3.22688562730423789E-002
  3.38674202138146210E-002
  3.54287274753907339E-002
  3.73111390068760623E-002
  4.00330959961529634E-002
  4.29890944504720818E-002
  4.71369013795259265E-002
  5.19591635405101393E-002
  5.70450783116970353E-002
  6.09104111806987869E-002
  6.28615210041344602E-002
  6.10308575802842451E-002
  5.47232403234818449E-002
  4.38222645501065780E-002
  2.91639589354853943E-002
  1.34368111985018520E-002
  9.28698498388624171E-005
   0.0000000000000000     
   0.0000000000000000     
   0.0000000000000000     
  2.23717595175181652E-002
  2.31550799736786640E-002
  2.38758718744261599E-002
  2.40331822050345971E-002
  2.41102087165570439E-002
  2.43360351083152689E-002
  2.42386373691797948E-002
  2.41891494674442362E-002
  2.42661041745915358E-002
  2.42677670986432628E-002
  2.41240408502787461E-002
  2.42152781004100412E-002
  2.42963207611879284E-002
  2.44660516167793593E-002
  2.43733701195570154E-002
  2.46091642641198816E-002
  2.46907699364756379E-002
  2.50012243120163041E-002
  2.54827052857362901E-002
  2.53975665117397269E-002
  2.56581037912115666E-002
  2.62946561045694638E-002
  2.64812348776388116E-002
  2.72520613725235547E-002
  2.75857363038365284E-002
  2.84654867719856264E-002
  2.91867682480182189E-002
  3.02393746939953016E-002
  3.10350911963745459E-002
  3.18570326148589975E-002
  3.30174435386151668E-002
  3.44911761171650816E-002
  3.62227157770135810E-002
  3.75901126036397026E-002
  3.94401653846700451E-002
  4.22694242211000062E-002
  4.52663266904892517E-002
  4.89081009892478602E-002
  5.35184575597194082E-002
  5.89755704879595249E-002
  6.41095506726925141E-002
  6.63756445310011017E-002
  6.50701691864344761E-002
  5.80433473407533859E-002
  4.64852418608149090E-002
  3.09709633616968745E-002
  1.44928025136028642E-002
  1.13877008973583453E-004
   0.0000000000000000     
   0.0000000000000000     
   0.0000000000000000     
   0.0000000000000000     
  2.62293222827728253E-002
  2.74264154507239469E-002
  2.81365851997023818E-002
  2.84643619727681062E-002
  2.86082767076173868E-002
  2.86659792746575201E-002
  2.83150027527691028E-002
  2.88976381399789102E-002
  2.85219135874286676E-002
  2.86375308707991563E-002
  2.86742367777995458E-002
  2.87526442996053830E-002
  2.87391320217366200E-002
  2.86453089981411821E-002
  2.87018610632613323E-002
  2.85432264315067033E-002
  2.87212564041393927E-002
  2.93385822800925899E-002
  2.94823338231801728E-002
  2.95454257981504521E-002
  3.00685941073967414E-002
  3.03585001922629313E-002
  3.07323704784208500E-002
  3.12995944436350940E-002
  3.19486509177538611E-002
  3.26655808854607252E-002
  3.33995154347367373E-002
  3.43710449496659742E-002
  3.53623492263192146E-002
  3.67464438340024957E-002
  3.78245416491159378E-002
  3.91233440825466544E-002
  4.07852563453481864E-002
  4.23410490853101812E-002
  4.49177817258501616E-002
  4.77609208375715313E-002
  5.06687246848665576E-002
  5.51966106666453363E-002
  6.07065765107472760E-002
  6.56766591294107860E-002
  6.90864816336357601E-002
  6.93189156598252171E-002
  6.32020029358142249E-002
  5.04544865401066606E-002
  3.30411096078969194E-002
  1.57276376522514777E-002
  1.44025160212251063E-004
   0.0000000000000000     
   0.0000000000000000     
   0.0000000000000000     
   0.0000000000000000     
   0.0000000000000000     
  2.98425461828220086E-002
  3.15352037735278368E-002
  3.23778534106132290E-002
  3.25665087988502092E-002
  3.27408490057508536E-002
  3.28951533441087726E-002
  3.27468634381283125E-002
  3.26895537552544732E-002
  3.30641229101318740E-002
  3.28797831280330521E-002
  3.26699560565919048E-002
  3.27128404036902617E-002
  3.23773418044402961E-002
  3.25159528070343221E-002
  3.26860190216960445E-002
  3.29153458767427326E-002
  3.29104843941616862E-002
  3.30699439602717138E-002
  3.30132217677399920E-002
  3.33946792468787501E-002
  3.37257839079449437E-002
  3.42458695248127123E-002
  3.44488254071274799E-002
  3.53518005108429192E-002
  3.59367670923686142E-002
  3.65191389248832599E-002
  3.72920534583589675E-002
  3.83995094714022558E-002
  3.94933112297441158E-002
  4.07342597357757061E-002
  4.19856533305149257E-002
  4.32930935038924325E-002
  4.53372857323116885E-002
  4.74228323850633821E-002
  5.01045985072687758E-002
  5.30698434068058236E-002
  5.67879327010058776E-002
  6.18978845307461209E-002
  6.72900716165938523E-002
  7.22033218882865008E-002
  7.25426563098952315E-002
  6.68161039915825261E-002
  5.38836497159695255E-002
  3.48363805464421625E-002
  1.64961082700663814E-002
  1.71120790424283644E-004
   0.0000000000000000     
   0.0000000000000000     
   0.0000000000000000     
   0.0000000000000000     
   0.0000000000000000     
   0.0000000000000000     
  3.45478044744338200E-002
  3.59926251845221340E-002
  3.69886655580861784E-002
  3.77252916834851723E-002
  3.78621777491580311E-002
  3.79849512632653291E-002
  3.79802121745055551E-002
  3.79201717494859272E-002
  3.74767498144570957E-002
  3.74775007685471881E-002
  3.73832365832226232E-002
  3.71690680669477247E-002
  3.71960006913261698E-002
  3.75290084403200608E-002
  3.70135936436584156E-002
  3.71447174082256415E-002
  3.72239475525035779E-002
  3.75869725221583129E-002
  3.80952158568520494E-002
  3.79900972434842749E-002
  3.80692406241422421E-002
  3.86713113342117137E-002
  3.91488433392848320E-002
  3.95852045107574421E-002
  4.03537207542690526E-002
  4.08440129951757741E-002
  4.17672108220010913E-002
  4.27093560283186152E-002
  4.38896404448146232E-002
  4.51357993918110392E-002
  4.69788740931110921E-002
  4.80306376536389981E-002
  5.02550324810117147E-002
  5.23949883550592910E-002
  5.52023838472017539E-002
  5.95869145698876071E-002
  6.34935452900777242E-002
  6.94427472005208768E-002
  7.36278173364413313E-002
  7.54299635439069915E-002
  7.13914222028719792E-002
  5.75374082737348455E-002
  3.73694471513452420E-002
  1.72979447354956496E-002
  2.03205820697290268E-004
   0.0000000000000000     
   0.0000000000000000     
   0.0000000000000000     
   0.0000000000000000     
   0.0000000000000000     
   0.0000000000000000     
   0.0000000000000000     
  3.93492879723732966E-002
  4.16121979594111305E-002
  4.26642683204510320E-002
  4.31498107291403352E-002
  4.34901732588477696E-002
  4.35904064548427866E-002
  4.37309414883072581E-002
  4.32137113192898326E-002
  4.32375634271799300E-002
  4.29933473637751223E-002
  4.31597833776978246E-002
  4.23797944813524216E-002
  4.25379248505633953E-002
  4.25791997189120044E-002
  4.24005732803902982E-002
  4.26413415098497797E-002
  4.24201624114853640E-002
  4.26656599381989229E-002
  4.31439762156801410E-002
  4.28279688324682342E-002
  4.30261183094215252E-002
  4.34344461280830180E-002
  4.39459959998550545E-002
  4.43581535211842529E-002
  4.48770837403791867E-002
  4.55831296335394570E-002
  4.67779050704950281E-002
  4.79590323724402232E-002
  4.91585664811669681E-002
  5.04531565272487992E-002
  5.17289432105681457E-002
  5.37041922234013647E-002
  5.51384397392491246E-002
  5.83637617174900050E-002
  6.11867078885980006E-002
  6.46434716871172044E-002
  7.07387794537967379E-002
  7.56409237101468845E-002
  7.82291638177631393E-002
  7.39531961425620027E-002
  6.16160458306195744E-002
  3.99169027818568195E-002
  1.79959399030752837E-002
  2.42072125260790017E-004
   0.0000000000000000     
   0.0000000000000000     
   0.0000000000000000     
   0.0000000000000000     
   0.0000000000000000     
   0.0000000000000000     
   0.0000000000000000     
   0.0000000000000000     
  4.54978339234653958E-002
  4.85992695557773136E-002
  5.04446474368074951E-002
  5.15785840330493170E-002
  5.17562991815750661E-002
  5.14137487943157612E-002
  5.18037397066669625E-002
  5.10095547589712664E-002
  5.11815962739152336E-002
  5.11002234218061735E-002
  5.05314130966750680E-002
  5.03168478884260945E-002
  5.00363409690681507E-002
  5.00188155337929069E-002
  4.99952832817557521E-002
  4.96945235848051531E-002
  4.93658954947158932E-002
  4.93168318915607543E-002
  4.91651526286829219E-002
  4.96068488108317787E-002
  4.96489774440803250E-002
  5.00300295276843998E-002
  5.02904359817606048E-002
  5.01103647521753195E-002
  5.09310758407696892E-002
  5.20727803648684540E-002
  5.24527519830169306E-002
  5.36545199149750934E-002
  5.45096964236748485E-002
  5.60244661545738001E-002
  5.76405854491109301E-002
  5.90067269231101810E-002
  6.17080619134335803E-002
  6.40582456306904025E-002
  6.79840526068184875E-002
  7.18202999441255735E-002
  7.82082830238742116E-002
  8.10793938835166483E-002
  7.89810680918856117E-002
  6.56048105564939477E-002
  4.25614524788339721E-002
  1.85411691886321443E-002
  2.97878554897354692E-004
   0.0000000000000000     
   0.0000000000000000     
   0.0000000000000000     
   0.0000000000000000     
   0.0000000000000000     
   0.0000000000000000     
   0.0000000000000000     
   0.0000000000000000     
   0.0000000000000000     
   0.0000000000000000     
  5.57735792199300986E-002
  5.87467944051085766E-002
  6.00184539687745253E-002
  6.01894564961689971E-002
  6.06716514338464241E-002
  6.05334320914804741E-002
  6.04004940425025491E-002
  5.99586339886263309E-002
  5.94113438971037508E-002
  5.86447669156936746E-002
  5.81641141401643066E-002
  5.76753956118129171E-002
  5.71730546511536111E-002
  5.72148521411190436E-002
  5.68961998274293834E-002
  5.64825637887391915E-002
  5.60560090822134066E-002
  5.66981237867688614E-002
  5.65782635175941656E-002
  5.62870580183254463E-002
  5.63537932493756791E-002
  5.64211098510769699E-002
  5.71929497668018788E-002
  5.73122164259433700E-002
  5.79363759569177655E-002
  5.88081993852422810E-002
  5.95920644939074637E-002
  6.01412761684240529E-002
  6.14365760986692808E-002
  6.24674074599033194E-002
  6.47619427864204178E-002
  6.69091037127401977E-002
  7.05431659768202546E-002
  7.35389505826418710E-002
  7.92373927120223059E-002
  8.34439031175880502E-002
  8.22534885724845038E-002
  6.94910074922290427E-002
  4.49269684020853696E-002
  1.91716794290079477E-002
  3.49680605590536864E-004
   0.0000000000000000     
   0.0000000000000000     
   0.0000000000000000     
   0.0000000000000000     
   0.0000000000000000     
   0.0000000000000000     
   0.0000000000000000     
   0.0000000000000000     
   0.0000000000000000     
   0.0000000000000000     
   0.0000000000000000     
  6.32943817123185898E-002
  6.78021910276142281E-002
  6.99779737490391907E-002
  7.16700928069314014E-002
  7.14535210199791909E-002
  7.11004556435410051E-002
  7.08639989404256515E-002
  7.05414341042492066E-002
  6.93998914119808158E-002
  6.88417674273783670E-002
  6.85025080739800063E-002
  6.72717606849723010E-002
  6.70234317811932434E-002
  6.62405519427893275E-002
  6.56643055130500808E-002
  6.52433850020970041E-002
  6.46160717903277587E-002
  6.47070471176815210E-002
  6.42871547148271549E-002
  6.39968161717924394E-002
  6.39349175365796080E-002
  6.44646094364998423E-002
  6.44461728472217887E-002
  6.35129444387635550E-002
  6.45815240943758417E-002
  6.48900054815175487E-002
  6.54549427221709779E-002
  6.65537250930799129E-002
  6.72751632332037469E-002
  6.91251009640420910E-002
  7.15123108521316525E-002
  7.30216551369197581E-002
  7.60234696783361752E-002
  8.05512332662936675E-002
  8.50887965195412793E-002
  8.47022115552499150E-002
  7.37411268163151029E-002
  4.74358836462053443E-002
  1.93894414958720555E-002
  4.20855489235529186E-004
   0.0000000000000000     
   0.0000000000000000     
   0.0000000000000000     
   0.0000000000000000     
   0.0000000000000000     
   0.0000000000000000     
   0.0000000000000000     
   0.0000000000000000     
   0.0000000000000000     
   0.0000000000000000     
   0.0000000000000000     
   0.0000000000000000     
  7.03221750929543532E-002
  7.43914317074108739E-002
  7.62552869756595447E-002
  7.74301670249805951E-002
  7.79663587167762073E-002
  7.70340122237968411E-002
  7.68071715952396566E-002
  7.62926891675098640E-002
  7.54460802262993530E-002
  7.49438113420014540E-002
  7.39441951649523060E-002
  7.27116887047465771E-002
  7.20475737108169229E-002
  7.12894915405690305E-002
  7.03747561585397891E-002
  6.95513510459460221E-002
  6.91961872954386659E-002
  6.90217230627991202E-002
  6.89996853753128692E-002
  6.81131610891218681E-002
  6.81567747674018815E-002
  6.78997239439256550E-002
  6.76448007330425621E-002
  6.80113260299926442E-002
  6.80782577711225717E-002
  6.82798288353461819E-002
  6.92833670544015373E-002
  6.99342594358394326E-002
  7.08879582109059048E-002
  7.27185142001796764E-002
  7.51253152592613604E-002
  7.76984841997052089E-002
  8.12351522604713022E-002
  8.56339984364797718E-002
  8.63341019736240112E-002
  7.49423453360088532E-002
  4.83725003236158621E-002
  1.99088575845391656E-002
  4.60138614881930763E-004
   0.0000000000000000     
   0.0000000000000000     
   0.0000000000000000     
   0.0000000000000000     
   0.0000000000000000     
   0.0000000000000000     
   0.0000000000000000     
   0.0000000000000000     
   0.0000000000000000     
   0.0000000000000000     
   0.0000000000000000     
   0.0000000000000000     
   0.0000000000000000     
  7.78943836702440384E-002
  8.30868864606197216E-002
  8.57944458567206358E-002
  8.84153259485945253E-002
  8.86460199426248596E-002
  8.75801349909776511E-002
  8.71727471568635448E-002
  8.64356181288522540E-002
  8.53986854356276609E-002
  8.34430341214569965E-002
  8.28646988371679882E-002
  8.20163077059265916E-002
  8.00925583412712833E-002
  7.92719873256057111E-002
  7.84505105956626869E-002
  7.76588122824359156E-002
  7.69722196632291050E-002
  7.58338286118585142E-002
  7.52518765901508402E-002
  7.47424123090933284E-002
  7.44245371961687469E-002
  7.39982395166676604E-002
  7.35698611422048732E-002
  7.40143771420027630E-002
  7.34751344442290399E-002
  7.27426930995725834E-002
  7.44630912498704112E-002
  7.49663256854250226E-002
  7.61258480300387314E-002
  7.74060751611939241E-002
  7.91959685232117572E-002
  8.21480830136024215E-002
  8.58234409529806952E-002
  8.74205762858723812E-002
  7.68983549920895931E-002
  5.00893072352077764E-002
  1.98743239978749833E-002
  5.24873567535875853E-004
   0.0000000000000000     
   0.0000000000000000     
   0.0000000000000000     
   0.0000000000000000     
   0.0000000000000000     
   0.0000000000000000     
   0.0000000000000000     
   0.0000000000000000     
   0.0000000000000000     
   0.0000000000000000     
   0.0000000000000000     
   0.0000000000000000     
   0.0000000000000000     
   0.0000000000000000     
   0.0000000000000000     
  9.26438325637404109E-002
  9.71748926252842676E-002
  9.99545215831459943E-002
  0.10029580451438944     
  0.10074497351929280     
  0.10014240425839133     
  9.87138562148209414E-002
  9.70370282250000299E-002
  9.37155047032369320E-002
  9.37489916527377981E-002
  9.25761161422229556E-002
  9.11382253702952561E-002
  8.91693820420881578E-002
  8.76767485936981589E-002
  8.63431210383206332E-002
  8.57350114171094441E-002
  8.38547730559174170E-002
  8.31248081462447608E-002
  8.18115714014916867E-002
  8.04460316971137152E-002
  8.05833820433485976E-002
  7.99243892308393322E-002
  7.95390118855845291E-002
  7.88325955471251838E-002
  7.85021322296824975E-002
  7.86368551885540112E-002
  7.90886597404088371E-002
  8.01850391126267270E-002
  8.11764372245429577E-002
  8.41099478540997952E-002
  8.63074717979772504E-002
  8.78698534053178881E-002
  7.94206733795877057E-002
  5.12605232894958115E-002
  1.94615906136166930E-002
  5.92034658962689825E-004
   0.0000000000000000     
   0.0000000000000000     
   0.0000000000000000     
   0.0000000000000000     
   0.0000000000000000     
   0.0000000000000000     
   0.0000000000000000     
   0.0000000000000000     
   0.0000000000000000     
   0.0000000000000000     
   0.0000000000000000     
   0.0000000000000000     
   0.0000000000000000     
   0.0000000000000000     
   0.0000000000000000     
   0.0000000000000000     
  0.10096413189566794     
  0.10572669987015362     
  0.11003487058367044     
  0.11044342115908665     
  0.11027214120569728     
  0.10851581026937010     
  0.10793656111121559     
  0.10554773970447923     
  0.10364448518519644     
  0.10166001216601250     
  9.90330837794706070E-002
  9.83356939853303191E-002
  9.63732416544908072E-002
  9.40320518432006675E-002
  9.26478491209752619E-002
  9.10587489424502655E-002
  8.95676760152815249E-002
  8.86634304637012316E-002
  8.75041977844645408E-002
  8.59846376953940089E-002
  8.41200749228617900E-002
  8.42688752110769823E-002
  8.20589833715596739E-002
  8.20195011647133626E-002
  8.29880340709183845E-002
  8.17949238019012592E-002
  8.20410730757130946E-002
  8.24918291204989884E-002
  8.46044841687557947E-002
  8.65769217955143222E-002
  8.82999616124546804E-002
  8.05272297980446222E-002
  5.22081452113359878E-002
  1.92781258453451378E-002
  6.33018293763432040E-004
   0.0000000000000000     
   0.0000000000000000     
   0.0000000000000000     
   0.0000000000000000     
   0.0000000000000000     
   0.0000000000000000     
   0.0000000000000000     
   0.0000000000000000     
   0.0000000000000000     
   0.0000000000000000     
   0.0000000000000000     
   0.0000000000000000     
   0.0000000000000000     
   0.0000000000000000     
   0.0000000000000000     
   0.0000000000000000     
   0.0000000000000000     
   0.0000000000000000     
  0.11546918684673926     
  0.11994191945278880     
  0.12269000072325120     
  0.12318561410353442     
  0.12129915813622161     
  0.11997005643236859     
  0.11720810386216167     
  0.11511156570028695     
  0.11204856512768378     
  0.10980537876895129     
  0.10730400264423902     
  0.10419237772630596     
  0.10312319970090077     
  0.10048698638308380     
  9.88316167499950909E-002
  9.70321963889223538E-002
  9.42574808630191469E-002
  9.27231587191715001E-002
  9.19639158475184793E-002
  8.95112048660765547E-002
  8.85364604734418109E-002
  8.66811673329570126E-002
  8.61173057979994494E-002
  8.47074989683289786E-002
  8.47547973805950622E-002
  8.45006602100308452E-002
  8.59932868587641175E-002
  8.72295120512395772E-002
  8.80121525417263267E-002
  8.15110143343118626E-002
  5.24549761507357645E-002
  1.88470369577153768E-002
  6.75171650138906921E-004
   0.0000000000000000     
   0.0000000000000000     
   0.0000000000000000     
   0.0000000000000000     
   0.0000000000000000     
   0.0000000000000000     
   0.0000000000000000     
   0.0000000000000000     
   0.0000000000000000     
   0.0000000000000000     
   0.0000000000000000     
   0.0000000000000000     
   0.0000000000000000     
   0.0000000000000000     
   0.0000000000000000     
   0.0000000000000000     
   0.0000000000000000     
   0.0000000000000000     
   0.0000000000000000     
  0.12236310382576730     
  0.12843435583483745     
  0.13078498866942181     
  0.13138540685891437     
  0.12948462231494148     
  0.12820260653408147     
  0.12521409790095181     
  0.12240809205465682     
  0.11879662436994980     
  0.11701555628241159     
  0.11426880094501300     
  0.11066720976171722     
  0.10850320200586459     
  0.10423121566567640     
  0.10339680428870447     
  0.10044548977792898     
  9.94098935572361592E-002
  9.63601200169015987E-002
  9.43048047739979967E-002
  9.15354405779472136E-002
  9.02983705281221044E-002
  8.83512378239122015E-002
  8.79423489655732915E-002
  8.63154035975615408E-002
  8.56736519946758729E-002
  8.60724518623305068E-002
  8.64423956867053506E-002
  8.75319641827521366E-002
  8.15433195034717395E-002
  5.31682329438730311E-002
  1.84407009455028574E-002
  6.97593252619236335E-004
   0.0000000000000000     
   0.0000000000000000     
   0.0000000000000000     
   0.0000000000000000     
   0.0000000000000000     
   0.0000000000000000     
   0.0000000000000000     
   0.0000000000000000     
   0.0000000000000000     
   0.0000000000000000     
   0.0000000000000000     
   0.0000000000000000     
   0.0000000000000000     
   0.0000000000000000     
   0.0000000000000000     
   0.0000000000000000     
   0.0000000000000000     
   0.0000000000000000     
   0.0000000000000000     
   0.0000000000000000     
  0.12860283942939352     
  0.13618834949519312     
  0.13695569755767725     
  0.13679828890403239     
  0.13570282340568002     
  0.13300760946635171     
  0.13183601501116624     
  0.12728864597293746     
  0.12546986358930470     
  0.12043677467134578     
  0.11725427013158098     
  0.11425040957345224     
  0.11132662517289271     
  0.10906761261310371     
  0.10629578014165721     
  0.10274057621662466     
  0.10030346024791018     
  9.76552455359515070E-002
  9.57862102892002021E-002
  9.35602032632150415E-002
  9.08930379079289363E-002
  8.96932418764246481E-002
  8.76987529628663748E-002
  8.77134912188449190E-002
  8.73636284807301211E-002
  8.75787254221359474E-002
  8.86917034364157891E-002
  8.08455149302704651E-002
  5.33569489170515401E-002
  1.79921913373116034E-002
  7.09484869490243720E-004
   0.0000000000000000     
   0.0000000000000000     
   0.0000000000000000     
   0.0000000000000000     
   0.0000000000000000     
   0.0000000000000000     
   0.0000000000000000     
   0.0000000000000000     
   0.0000000000000000     
   0.0000000000000000     
   0.0000000000000000     
   0.0000000000000000     
   0.0000000000000000     
   0.0000000000000000     
   0.0000000000000000     
   0.0000000000000000     
   0.0000000000000000     
   0.0000000000000000     
   0.0000000000000000     
   0.0000000000000000     
   0.0000000000000000     
  0.13589445813151307     
  0.14213383675316060     
  0.14607705289043371     
  0.14815207693839097     
  0.14675364593444237     
  0.14282946883603423     
  0.13907401841991057     
  0.13708926661480039     
  0.13237097120533264     
  0.12794013808409960     
  0.12571310091011870     
  0.12036041112635526     
  0.11664264440787082     
  0.11367959198965220     
  0.10984435440137068     
  0.10680809687871609     
  0.10343885336596920     
  0.10042424595036684     
  9.80253134540618187E-002
  9.45252309463718576E-002
  9.23326068351394552E-002
  9.05258972420441149E-002
  8.78681358120259881E-002
  8.64042173140384534E-002
  8.63185076408622132E-002
  8.62043958014934025E-002
  7.99296589648108846E-002
  5.27076853933851203E-002
  1.74906754300016877E-002
  6.95979396590444294E-004
   0.0000000000000000     
   0.0000000000000000     
   0.0000000000000000     
   0.0000000000000000     
   0.0000000000000000     
   0.0000000000000000     
   0.0000000000000000     
   0.0000000000000000     
   0.0000000000000000     
   0.0000000000000000     
   0.0000000000000000     
   0.0000000000000000     
   0.0000000000000000     
   0.0000000000000000     
   0.0000000000000000     
   0.0000000000000000     
   0.0000000000000000     
   0.0000000000000000     
   0.0000000000000000     
   0.0000000000000000     
   0.0000000000000000     
   0.0000000000000000     
   0.0000000000000000     
  0.14855295070135055     
  0.15320835268582478     
  0.15471653354934509     
  0.15200459245444253     
  0.14879418552325538     
  0.14520690761739202     
  0.14153057120740919     
  0.13660168702895256     
  0.13316208066828594     
  0.12912762333708061     
  0.12455241480425434     
  0.12000976812762980     
  0.11507212089155269     
  0.11221835595624763     
  0.10747747378701206     
  0.10441129607479829     
  0.10027785274063675     
  9.75512583854648563E-002
  9.44810858749177973E-002
  9.19439894534492402E-002
  9.02783880368847602E-002
  8.69449583161742978E-002
  8.60758601902701787E-002
  8.53639446294243986E-002
  7.88303924583422383E-002
  5.26865622597300562E-002
  1.69738524329292768E-002
  6.90337208764965561E-004
   0.0000000000000000     
   0.0000000000000000     
   0.0000000000000000     
   0.0000000000000000     
   0.0000000000000000     
   0.0000000000000000     
   0.0000000000000000     
   0.0000000000000000     
   0.0000000000000000     
   0.0000000000000000     
   0.0000000000000000     
   0.0000000000000000     
   0.0000000000000000     
   0.0000000000000000     
   0.0000000000000000     
   0.0000000000000000     
   0.0000000000000000     
   0.0000000000000000     
   0.0000000000000000     
   0.0000000000000000     
   0.0000000000000000     
   0.0000000000000000     
   0.0000000000000000     
   0.0000000000000000     
  0.15279630538693131     
  0.15920069467845618     
  0.16156019256551205     
  0.15781983483747436     
  0.15684668836417295     
  0.15135749122161865     
  0.14687664407520998     
  0.14149465967030714     
  0.13821516312692439     
  0.13320276046467516     
  0.12779179337288582     
  0.12298944060682906     
  0.11872114053054966     
  0.11346082153369393     
  0.10933456203687557     
  0.10545309188252154     
  0.10128746322315012     
  9.71428395533979333E-002
  9.31707087258056565E-002
  9.07468146896172612E-002
  8.78993679103569764E-002
  8.53822718292246985E-002
  8.37368220453589274E-002
  7.80740547400303464E-002
  5.12308326733472152E-002
  1.65567466144016483E-002
  6.52986209564699943E-004
