*
* The data are taken from LHCb-PAPER-2012-041
* "Prompt charm production in pp collisions at sqrt(s)=7 TeV"
* Nucl. Phys. B 871 (2013), 1
* arXiv:1302.2864
* 
* Fragmentation fractions are taken from arXiv:1112.3757
*
&Data 
   Name         = 'LHCb 7TeV Dzero pT-y cross section'    
   IndexDataset = 401
   Reaction     = 'HVQMNR pp QQbar'          
   NInfo        = 5
   CInfo        = 'LHCb_7tev_charm','abs','dzero','sqrt(S)','fragfraction'                      
   DataInfo     =                0.,   0.,     0.,    7E+03,        0.5643
   NData        = 38
   NColumn      = 16
   ColumnType   = 6*'Bin','Sigma',9*'Error'
   ColumnName   = 'ymin','ymax','pTmin','pTmax','yav','pTav','x-section','stat','uncor','lhcb7_dz_slrc','lhcb7_dz_yidt','lhcb7_dz_prid','lhcb7_c_trac','brat_dzkapi','lhcb7_lumi','ffrc_cdz'
   Percent      = 9*true
&End
&PlotDesc
   PlotN = 5
   PlotDefColumn   = 'ymin'
   PlotDefValue    = 1.9, 2.1, 2.6, 3.1, 3.6, 4.1, 4.6
   PlotVarColumn   = 'pTav'
   PlotOptions(1)  = 'Experiment:LHCb #sqrt{s} = 7 TeV D^{0}@ExtraLabel:pp #rightarrow D^{0} @XTitle: p_{T} [GeV] @YTitle: d#sigma/dp_{T} [#mub/GeV] @Title:2.0 < y < 2.5@Ylog'
   PlotOptions(2)  = 'Experiment:LHCb #sqrt{s} = 7 TeV D^{0}@ExtraLabel:pp #rightarrow D^{0} @XTitle: p_{T} [GeV] @YTitle: d#sigma/dp_{T} [#mub/GeV] @Title:2.5 < y < 3.0@Ylog'
   PlotOptions(3)  = 'Experiment:LHCb #sqrt{s} = 7 TeV D^{0}@ExtraLabel:pp #rightarrow D^{0} @XTitle: p_{T} [GeV] @YTitle: d#sigma/dp_{T} [#mub/GeV] @Title:3.0 < y < 3.5@Ylog'
   PlotOptions(4)  = 'Experiment:LHCb #sqrt{s} = 7 TeV D^{0}@ExtraLabel:pp #rightarrow D^{0} @XTitle: p_{T} [GeV] @YTitle: d#sigma/dp_{T} [#mub/GeV] @Title:3.5 < y < 4.0@Ylog'
   PlotOptions(5)  = 'Experiment:LHCb #sqrt{s} = 7 TeV D^{0}@ExtraLabel:pp #rightarrow D^{0} @XTitle: p_{T} [GeV] @YTitle: d#sigma/dp_{T} [#mub/GeV] @Title:4.0 < y < 4.5@Ylog'
&End
* Start DATA
*  ymin  ymax pTmin pTmax   yav  pTav         cs   stat  uncor   slrc   yidt   prid   trac   brat   lumi   ffrc
* 1st y bin *
    2.0   2.5   0.0   1.0  2.25  0.50  113.58000   4.80   4.99   1.60   2.50   1.00   6.00   1.30   3.50   2.70
    2.0   2.5   1.0   2.0  2.25  1.50  147.06000   3.93   3.45   1.60   2.50   1.00   6.00   1.30   3.50   2.70
    2.0   2.5   2.0   3.0  2.25  2.50   85.95000   3.70   1.69   1.60   2.50   1.00   6.00   1.30   3.50   2.70
    2.0   2.5   3.0   4.0  2.25  3.50   41.79000   4.26   4.88   1.60   2.50   1.00   6.00   1.30   3.50   2.70
    2.0   2.5   4.0   5.0  2.25  4.50   18.61000   5.27   5.16   1.60   2.50   1.00   6.00   1.30   3.50   2.70
    2.0   2.5   5.0   6.0  2.25  5.50    9.35000   7.06   5.74   1.60   2.50   1.00   6.00   1.30   3.50   2.70
    2.0   2.5   6.0   7.0  2.25  6.50    4.92000  10.37   6.28   1.60   2.50   1.00   6.00   1.30   3.50   2.70
    2.0   2.5   7.0   8.0  2.25  7.50    2.34000  17.95   7.98   1.60   2.50   1.00   6.00   1.30   3.50   2.70
* 2nd y bin *
    2.5   3.0   0.0   1.0  2.75  0.50   96.51000   3.62   3.27   1.60   2.50   1.00   6.00   1.30   3.50   2.70
    2.5   3.0   1.0   2.0  2.75  1.50  146.53999   2.78   3.02   1.60   2.50   1.00   6.00   1.30   3.50   2.70
    2.5   3.0   2.0   3.0  2.75  2.50   82.07000   2.56   2.13   1.60   2.50   1.00   6.00   1.30   3.50   2.70
    2.5   3.0   3.0   4.0  2.75  3.50   34.86000   3.16   2.39   1.60   2.50   1.00   6.00   1.30   3.50   2.70
    2.5   3.0   4.0   5.0  2.75  4.50   16.11000   4.16   5.08   1.60   2.50   1.00   6.00   1.30   3.50   2.70
    2.5   3.0   5.0   6.0  2.75  5.50    8.85000   5.42   5.51   1.60   2.50   1.00   6.00   1.30   3.50   2.70
    2.5   3.0   6.0   7.0  2.75  6.50    4.31000   8.82   6.31   1.60   2.50   1.00   6.00   1.30   3.50   2.70
    2.5   3.0   7.0   8.0  2.75  7.50    2.41000  14.94   7.53   1.60   2.50   1.00   6.00   1.30   3.50   2.70
* 3rd y bin *
    3.0   3.5   0.0   1.0  3.25  0.50   90.99000   4.03   1.89   1.60   2.50   1.00   6.00   1.30   3.50   2.70
    3.0   3.5   1.0   2.0  3.25  1.50  129.42999   3.01   1.49   1.60   2.50   1.00   6.00   1.30   3.50   2.70
    3.0   3.5   2.0   3.0  3.25  2.50   68.48000   2.77   1.56   1.60   2.50   1.00   6.00   1.30   3.50   2.70
    3.0   3.5   3.0   4.0  3.25  3.50   31.30000   3.35   1.59   1.60   2.50   1.00   6.00   1.30   3.50   2.70
    3.0   3.5   4.0   5.0  3.25  4.50   14.36000   4.60   2.09   1.60   2.50   1.00   6.00   1.30   3.50   2.70
    3.0   3.5   5.0   6.0  3.25  5.50    6.23000   6.58   5.74   1.60   2.50   1.00   6.00   1.30   3.50   2.70
    3.0   3.5   6.0   7.0  3.25  6.50    2.99000  11.04   6.40   1.60   2.50   1.00   6.00   1.30   3.50   2.70
    3.0   3.5   7.0   8.0  3.25  7.50    1.25000  21.60   8.10   1.60   2.50   1.00   6.00   1.30   3.50   2.70
* 4th y bin *
    3.5   4.0   0.0   1.0  3.75  0.50   80.41000   5.21   1.28   1.60   2.50   1.00   6.00   1.30   3.50   2.70
    3.5   4.0   1.0   2.0  3.75  1.50  112.64000   4.01   1.84   1.60   2.50   1.00   6.00   1.30   3.50   2.70
    3.5   4.0   2.0   3.0  3.75  2.50   58.25000   3.47   2.31   1.60   2.50   1.00   6.00   1.30   3.50   2.70
    3.5   4.0   3.0   4.0  3.75  3.50   22.65000   4.42   5.36   1.60   2.50   1.00   6.00   1.30   3.50   2.70
    3.5   4.0   4.0   5.0  3.75  4.50    9.89000   6.27   5.53   1.60   2.50   1.00   6.00   1.30   3.50   2.70
    3.5   4.0   5.0   6.0  3.75  5.50    4.88000   8.81   6.08   1.60   2.50   1.00   6.00   1.30   3.50   2.70
    3.5   4.0   6.0   7.0  3.75  6.50    2.33000  14.59   7.44   1.60   2.50   1.00   6.00   1.30   3.50   2.70
    3.5   4.0   7.0   8.0  3.75  7.50    1.14000  30.70  11.71   1.60   2.50   1.00   6.00   1.30   3.50   2.70
* 5th y bin *
    4.0   4.5   0.0   1.0  4.25  0.50   57.37000   9.36   4.39   1.60   2.50   1.00   6.00   1.30   3.50   2.70
    4.0   4.5   1.0   2.0  4.25  1.50   81.57000   6.37   3.78   1.60   2.50   1.00   6.00   1.30   3.50   2.70
    4.0   4.5   2.0   3.0  4.25  2.50   39.87000   6.42   5.49   1.60   2.50   1.00   6.00   1.30   3.50   2.70
    4.0   4.5   3.0   4.0  4.25  3.50   15.50000   8.32   5.93   1.60   2.50   1.00   6.00   1.30   3.50   2.70
    4.0   4.5   4.0   5.0  4.25  4.50    5.69000  15.29   7.17   1.60   2.50   1.00   6.00   1.30   3.50   2.70
    4.0   4.5   5.0   6.0  4.25  5.50    3.22000  30.43  12.01   1.60   2.50   1.00   6.00   1.30   3.50   2.70
