&DATA
  Name = 'ATLAS Jet data 2.8 <= |y| < 3.6'
  NDATA = 9
  NColumn = 28
  ColumnType = 4*'Bin','Sigma','Error',22*'Error'
  ColumnName = 'pt1','pt2','YBinSize','NPCorr','Sigma','stat', 
		'ATL_Jet2010_JES1_5' , 'ATL_Jet2010_JES2_11' , 
		'ATL_Jet2010_JES3_17' , 'ATL_Jet2010_JES4_23' , 
		'ATL_Jet2010_JES5_29' , 'ATL_Jet2010_JES6_31' , 
         	'ATL_Jet2010_JES7_36' , 'ATL_Jet2010_JES8_42' , 
		'ATL_Jet2010_JES9_48' , 
		'ATL_Jet2010_JES10_54' , 'ATL_Jet2010_JES11_60' , 
        	 'ATL_Jet2010_JES12_66' , 'ATL_Jet2010_JES13_72' , 
		'ATL_Jet2010_UnfClo_74' , 'ATL_Jet2010_Match_75' ,
		 'ATL_Jet2010_JER_80' , 
        	 'ATL_Jet2010_YReso_82' , 'ATL_Jet2010_RecoEff_85' , 
		'ATLAS_lumi2010' , 'ATL_Jet2010_uncor_JESPileUp' , 
		'ATL_Jet2010_uncor_TEff' , 
         	'ATL_Jet2010_uncor_CleEff'
  NInfo   = 1
  DataInfo = 7000.
  CInfo    = 'sqrt(S)'
  IndexDataset = 32 
  Reaction  = 'pp jets APPLGRID'
  TheoryInfoFile = 'theoryfiles/atlas/Jets2010/R06/eta6.root'
  TheoryType     = 'applgrid' 
  Percent   = 50*True
&END
25.000000	25.000000	1.600000	1.324777	3898834.582768	0.606038	13.809645	10.858140	16.175187	8.553395	5.235921	35.181610	2.340533	4.893362	5.187478	0.001074	0.023903	3.268087	0.004142	0.077994	0.429122	16.483956	0.149403	2.000000	3.400000	5.488305	1.000000	0.013162	
37.500000	37.500000	1.600000	1.152420	426317.140214	1.419943	9.022906	11.067941	11.431110	9.373243	3.088349	36.646728	2.841183	3.613215	5.335234	0.037126	0.047022	3.660801	0.140449	0.083864	0.808311	9.689801	0.123290	1.000000	3.400000	3.910936	1.000000	0.014269	
52.500000	52.500000	1.600000	1.085698	64194.105289	3.201621	2.375278	9.384923	7.853717	7.789423	2.342996	24.082160	3.772245	2.295712	5.500991	0.178121	0.303396	3.254299	0.454571	0.179507	0.423251	1.317848	0.044177	1.000000	3.400000	2.072681	1.000000	0.015597	
70.000000	70.000000	1.600000	1.053799	12438.041432	1.362221	1.157911	7.456760	4.411016	5.860599	4.081122	17.014455	3.656328	1.977418	5.619210	0.640133	0.091967	0.982176	2.465690	0.270966	0.487447	2.343941	0.019809	1.000000	3.400000	4.124468	1.000000	0.017147	
95.000000	95.000000	1.600000	1.033395	1783.761157	2.346333	0.503817	6.810015	3.926067	6.149234	2.976237	11.473493	3.832962	1.758927	6.156733	1.958322	0.563260	0.411754	5.188935	0.299017	0.211129	3.355169	0.091946	1.000000	3.400000	4.852457	1.000000	0.019361	
135.000000	135.000000	1.600000	1.019444	150.886114	1.359906	0.056283	8.066758	4.275095	9.702777	0.904002	13.475333	3.736781	1.255579	8.188785	2.714277	0.027923	0.172442	8.588687	0.151040	0.026178	2.434384	0.105222	1.000000	3.400000	3.126451	1.000000	0.022905	
185.000000	185.000000	1.600000	1.011844	7.227992	3.157317	0.002304	7.567239	5.282555	9.353454	3.547643	20.879379	5.124199	1.963982	12.947834	5.855108	0.727033	0.017734	16.036871	0.622609	0.048521	4.729778	0.146497	1.000000	3.400000	3.163010	1.000000	0.231829	
235.000000	235.000000	1.600000	1.007943	0.374619	6.879395	0.000123	8.320531	7.469362	8.013346	5.684308	25.540337	4.000193	1.246574	17.256104	8.768985	0.824482	0.000535	21.463059	0.999199	0.025592	6.075496	0.439035	1.000000	3.400000	3.831584	1.000000	0.254417	
285.000000	285.000000	1.600000	1.005589	0.010903	35.841017	0.000002	13.608302	8.407664	10.562239	9.356896	40.614764	3.879506	2.172899	24.831974	11.585528	2.583682	0.000004	34.736210	0.252421	0.686263	18.692536	1.302905	1.000000	3.400000	3.915297	1.000000	0.277016	
